City,Lat,Lng,Max Temp,Humidity,Cloudiness,Wind Speed,Country,Date
Vaini,-21.2,-175.2,78.96,73,20,11.5,TO,1635034722
Ushuaia,-54.8,-68.3,35.26,80,90,18.41,AR,1635034628
Bredasdorp,-34.5322,20.0403,49.32,87,24,4.61,ZA,1635034724
Peñarroya-Pueblonuevo,38.3,-5.2667,57.45,48,43,2.1,ES,1635034937
Puerto Ayora,-0.7393,-90.3518,69.26,87,90,9.22,EC,1635034717
Polson,47.6936,-114.1632,50.14,65,87,7.45,US,1635034937
Canutama,-6.5339,-64.3831,81.09,71,92,1.16,BR,1635034938
Kapaa,22.0752,-159.319,85.98,75,75,5.01,US,1635034654
Hong Kong,22.2855,114.1577,71.26,79,85,1.99,HK,1635034674
Dikson,73.5069,80.5464,8.69,87,100,13.58,RU,1635034938
Grasse,43.6667,6.9167,57.79,76,0,8.05,FR,1635034938
Atuona,-9.8,-139.0333,78.35,77,13,17.65,PF,1635034939
Bluff,-46.6,168.3333,52.3,92,100,1.81,NZ,1635034647
Bud,39.447,-86.1758,55.49,82,100,4.56,US,1635034939
Qaanaaq,77.484,-69.3632,-0.81,57,0,8.08,GL,1635034940
Ugoofaaru,5.6667,73.0,82.08,72,96,15.86,MV,1635034940
Jamestown,42.097,-79.2353,45.72,95,90,3.0,US,1635034557
Avarua,-21.2078,-159.775,75.25,57,75,12.66,CK,1635034713
Saint-Philippe,-21.3585,55.7679,74.75,84,48,11.54,RE,1635034717
East London,-33.0153,27.9116,59.9,66,37,19.51,ZA,1635034686
Bethel,41.3712,-73.414,55.71,73,90,0.0,US,1635034731
Shelopugino,51.6514,117.5599,31.59,68,2,3.69,RU,1635034941
Rikitea,-23.1203,-134.9692,75.16,79,90,18.61,PF,1635034714
Takoradze,4.8845,-1.7554,76.91,87,71,4.21,GH,1635034859
Hobart,-42.8794,147.3294,53.06,78,75,3.0,AU,1635034711
Sitka,57.0531,-135.33,48.09,66,90,10.36,US,1635034765
Barrow,71.2906,-156.7887,28.42,86,90,11.5,US,1635034734
Staraya Poltavka,50.4772,46.4814,53.67,79,100,12.08,RU,1635034942
Hilo,19.7297,-155.09,84.27,70,1,9.22,US,1635034668
Bathsheba,13.2167,-59.5167,83.01,69,40,23.02,BB,1635034811
Seoul,37.5683,126.9778,53.04,81,0,1.14,KR,1635034605
Lüderitz,-26.6481,15.1594,56.68,72,0,18.03,NA,1635034732
Eureka,40.8021,-124.1637,63.36,73,100,8.01,US,1635034942
Laiyang,36.9758,120.7136,51.8,62,24,1.19,CN,1635034943
Hermanus,-34.4187,19.2345,55.9,68,34,2.98,ZA,1635034737
Los Llanos de Aridane,28.6585,-17.9182,65.95,79,90,1.01,ES,1635034747
Teguise,29.0605,-13.564,68.22,64,40,4.61,ES,1635034943
Tasiilaq,65.6145,-37.6368,32.16,94,100,8.99,GL,1635034639
Port Elizabeth,-33.918,25.5701,57.49,77,0,16.11,ZA,1635034662
Talara,-4.5772,-81.2719,64.44,90,89,16.84,PE,1635034784
Vardø,70.3705,31.1107,35.22,67,89,24.85,NO,1635034726
Tura,25.5198,90.2201,64.62,79,23,3.22,IN,1635034944
Tetiz,20.9667,-89.9333,82.49,81,97,4.79,MX,1635034944
Tiksi,71.6872,128.8694,1.09,95,100,9.35,RU,1635034739
Port Alfred,-33.5906,26.891,59.05,67,3,17.22,ZA,1635034716
Castro,-24.7911,-50.0119,61.38,92,100,5.68,BR,1635034766
Cape Town,-33.9258,18.4232,56.12,73,20,4.61,ZA,1635034718
Busselton,-33.65,115.3333,65.05,63,93,4.21,AU,1635034716
Oriximiná,-1.7656,-55.8661,77.45,89,99,3.18,BR,1635034945
Noyabrsk,63.1994,75.4507,34.7,92,100,15.7,RU,1635034945
Port-Gentil,-0.7193,8.7815,77.68,85,89,9.78,GA,1635034807
Punta Arenas,-53.15,-70.9167,35.71,87,20,18.41,CL,1635034637
Gombong,-7.6072,109.5142,80.33,80,99,3.83,ID,1635034946
Henties Bay,-22.116,14.2845,57.85,93,2,9.31,NA,1635034946
New Norfolk,-42.7826,147.0587,52.72,78,100,3.0,AU,1635034733
Necochea,-38.5473,-58.7368,49.03,58,9,17.25,AR,1635034746
Kristinestad,62.2743,21.376,32.58,76,48,3.62,FI,1635034947
Turukhansk,65.8167,87.9833,32.4,98,100,11.36,RU,1635034947
Pevek,69.7008,170.3133,9.23,93,100,6.58,RU,1635034707
Cabo San Lucas,22.8909,-109.9124,87.62,67,1,7.0,MX,1635034620
George Town,5.4112,100.3354,79.9,90,20,2.3,MY,1635034591
Meulaboh,4.1363,96.1285,77.02,86,100,3.33,ID,1635034948
Ikom,5.9667,8.7063,73.18,95,94,1.28,NG,1635034948
Ribeira Grande,38.5167,-28.7,67.48,64,21,11.88,PT,1635034740
Tuktoyaktuk,69.4541,-133.0374,30.2,86,90,8.05,CA,1635034720
Kumul,42.8,93.45,47.28,45,100,3.42,CN,1635034948
Fortuna,40.5982,-124.1573,63.09,81,20,8.99,US,1635034650
Saldanha,-33.0117,17.9442,57.78,75,6,8.23,ZA,1635034725
Malakal,9.5334,31.6605,76.6,59,7,1.61,SS,1635034949
Mataura,-46.1927,168.8643,58.46,80,100,1.3,NZ,1635034715
Hasaki,35.7333,140.8333,61.29,50,9,5.53,JP,1635034724
Albany,42.6001,-73.9662,48.81,72,96,5.26,US,1635034658
Quatre Cocos,-20.2078,57.7625,74.08,73,84,13.22,MU,1635034787
Chui,-33.6971,-53.4616,56.75,93,100,5.37,UY,1635034779
Provideniya,64.3833,-173.3,25.81,77,100,8.21,RU,1635034746
Geraldton,-28.7667,114.6,64.81,68,20,2.3,AU,1635034675
Loíza,18.4313,-65.8802,82.4,77,20,9.22,PR,1635034950
Akim Swedru,5.8938,-1.0164,72.43,98,80,2.15,GH,1635034950
Trairi,-3.2778,-39.2689,80.02,77,16,10.49,BR,1635034468
Fairbanks,64.8378,-147.7164,42.76,71,1,0.0,US,1635034502
Ponta Delgada,37.7333,-25.6667,65.12,77,20,6.91,PT,1635034951
Peterhead,57.5058,-1.7981,55.11,92,100,30.8,GB,1635034951
Adrar,20.5022,-10.0711,82.89,16,35,7.34,MR,1635034864
Assiut,27.181,31.1837,68.07,51,1,10.27,EG,1635034884
Srednekolymsk,67.45,153.6833,-6.72,92,41,4.81,RU,1635034813
Klaksvík,62.2266,-6.589,49.12,84,59,14.65,FO,1635034684
Clyde River,70.4692,-68.5914,18.77,81,95,14.05,CA,1635034952
Jablah,35.3614,35.9256,66.49,82,20,5.75,SY,1635034952
Port Lincoln,-34.7333,135.8667,59.47,62,5,11.39,AU,1635034840
Souillac,-20.5167,57.5167,74.35,83,75,10.36,MU,1635034796
Laas,46.6166,10.7002,40.08,48,2,2.19,IT,1635034547
Liverpool,53.4106,-2.9779,53.46,77,75,5.99,GB,1635034953
Hithadhoo,-0.6,73.0833,82.69,70,86,12.3,MV,1635034642
Arraial do Cabo,-22.9661,-42.0278,73.36,88,40,19.57,BR,1635034712
Kruisfontein,-34.0033,24.7314,53.26,69,15,10.54,ZA,1635034768
Challapata,-18.9,-66.7667,54.54,19,22,13.71,BO,1635034954
Araouane,18.9048,-3.5265,85.12,21,3,7.61,ML,1635034726
Salym,60.0625,71.4789,41.38,67,98,14.47,RU,1635034954
Paragominas,-2.9667,-47.4833,76.93,83,100,4.41,BR,1635034954
Saskylakh,71.9167,114.0833,7.29,94,100,15.48,RU,1635034720
Sørland,67.667,12.6934,41.83,69,100,4.79,NO,1635034955
Mont-Joli,48.5839,-68.1921,43.79,75,75,8.05,CA,1635034955
Butaritari,3.0707,172.7902,81.14,73,98,8.19,KI,1635034734
Nome,64.5011,-165.4064,33.87,69,75,4.61,US,1635034939
Yellowknife,62.456,-114.3525,41.56,85,75,13.8,CA,1635034716
Haimen,23.1935,116.6142,67.89,78,95,9.82,CN,1635034956
Barranca,-10.75,-77.7667,62.11,85,12,10.13,PE,1635034956
Ust'-Ilimsk,58.0006,102.6619,35.62,69,96,12.82,RU,1635034956
Varkala,8.7341,76.7067,76.78,87,80,4.41,IN,1635034957
Alofi,-19.0595,-169.9187,78.69,50,52,21.85,NU,1635034695
Terney,45.0503,136.6092,49.71,49,32,7.25,RU,1635034957
Hofn,64.2539,-15.2082,45.34,75,90,5.1,IS,1635034748
Lima,-12.0432,-77.0282,65.89,77,90,16.11,PE,1635034913
Sola,-13.8833,167.55,86.67,74,75,5.75,VU,1635034742
Peachland,49.7665,-119.7357,56.16,63,57,3.78,CA,1635034958
Elko,41.0002,-115.5012,44.74,74,98,5.01,US,1635034958
Ponta do Sol,32.6667,-17.1,69.01,65,21,6.89,PT,1635034738
Manta,-0.95,-80.7333,74.98,83,40,4.61,EC,1635034959
Constitución,-35.3333,-72.4167,51.03,85,0,14.03,CL,1635034778
Bara,10.3744,10.7288,75.67,84,89,4.5,NG,1635034959
Araguaçu,-12.9306,-49.8264,83.19,56,85,3.67,BR,1635034960
Ingham,42.6,-84.3833,47.16,84,40,4.61,US,1635034960
Fuerte,17.5381,120.3644,80.78,74,78,4.74,PH,1635034961
Waingapu,-9.6567,120.2641,82.35,69,43,1.79,ID,1635034961
Zapolyarnyy,69.4154,30.8136,22.28,91,81,7.7,RU,1635034876
Mehamn,71.0357,27.8492,35.46,65,99,20.8,NO,1635034831
Margate,51.3813,1.3862,55.31,77,47,4.0,GB,1635034962
Naviraí,-23.065,-54.1906,81.39,58,46,6.78,BR,1635034962
Nangong,37.3581,115.3744,51.58,65,19,4.36,CN,1635034962
Norman Wells,65.282,-126.8329,42.84,61,40,0.0,CA,1635034762
Ust'-Karsk,52.7011,118.8077,33.22,79,7,2.66,RU,1635034963
Krasnosel'kup,65.7,82.4667,32.34,99,100,7.38,RU,1635034787
Carnarvon,-24.8667,113.6333,75.27,64,0,11.5,AU,1635034514
Narsaq,60.9167,-46.05,34.02,57,60,5.12,GL,1635034964
Chokurdakh,70.6333,147.9167,-2.51,98,100,6.67,RU,1635034786
Katsuura,35.1333,140.3,63.19,58,55,7.29,JP,1635034964
Langenburg,49.2544,9.8458,40.73,100,43,9.22,DE,1635034964
Longyearbyen,78.2186,15.6401,21.04,73,0,4.61,SJ,1635034806
Prado,-17.3411,-39.2208,75.11,87,64,5.75,BR,1635034965
Neryungri,56.6709,124.6491,26.94,77,86,1.66,RU,1635034965
Gornopravdinsk,60.05,69.9,39.18,76,94,11.45,RU,1635034966
Airai,-8.9266,125.4092,73.51,46,57,1.41,TL,1635034789
Salalah,17.0151,54.0924,73.49,64,0,5.75,OM,1635034771
Kavieng,-2.5744,150.7967,85.66,67,68,11.74,PG,1635034792
Ilo,-17.6394,-71.3375,61.84,79,47,9.13,PE,1635034966
Celestún,20.8667,-90.4,80.01,79,85,10.09,MX,1635034949
Cherskiy,68.75,161.3,-5.03,100,95,3.85,RU,1635034748
Itupiranga,-5.1347,-49.3267,73.98,91,95,1.48,BR,1635034967
Kazygurt,41.7589,69.3864,37.33,39,0,3.13,KZ,1635034967
Merauke,-8.4667,140.3333,84.74,60,60,10.45,ID,1635034968
Severo-Kuril'sk,50.6789,156.125,40.78,83,70,12.48,RU,1635034770
Boyolangu,-8.1181,111.8935,79.92,75,66,1.7,ID,1635034968
Kropotkin,45.4375,40.5756,53.04,91,100,6.58,RU,1635034968
Santander,43.4647,-3.8044,52.47,92,0,1.01,ES,1635034969
Sibut,5.718,19.0739,70.48,95,29,2.06,CF,1635034969
Sidrolândia,-20.9319,-54.9614,88.59,45,42,7.52,BR,1635034969
Touros,-5.1989,-35.4608,81.5,79,28,12.68,BR,1635034796
Husavik,66.0449,-17.3389,30.11,96,100,4.47,IS,1635034970
Shitanjing,39.2342,106.3439,43.38,50,1,0.74,CN,1635034970
Bubaque,11.2833,-15.8333,83.08,73,99,10.49,GW,1635034749
Upernavik,72.7868,-56.1549,18.88,87,100,12.75,GL,1635034729
Saint Paul Harbor,57.79,-152.4072,45.91,76,90,10.36,US,1635034759
Byron Bay,-28.65,153.6167,90.05,46,66,8.19,AU,1635034887
Mar del Plata,-38.0023,-57.5575,55.99,69,40,1.01,AR,1635034652
Panguna,-6.3164,155.4848,80.89,66,57,2.44,PG,1635034971
Yar-Sale,66.8333,70.8333,27.54,95,96,9.78,RU,1635034972
Alice Springs,-23.7,133.8833,74.75,23,40,20.71,AU,1635034851
Palencia,42.4167,-4.5,43.34,63,81,1.99,ES,1635034684
Mayumba,-3.432,10.6554,76.66,89,97,5.32,GA,1635034972
Ilhabela,-23.7781,-45.3581,71.38,90,25,6.91,BR,1635034765
San Cristobal,7.7669,-72.225,69.98,97,75,2.77,VE,1635034731
Porto-Novo,6.4965,2.6036,78.62,89,99,1.34,BJ,1635034537
Leshukonskoye,64.8989,45.7622,22.87,96,92,3.53,RU,1635034736
Khatanga,71.9667,102.5,9.66,90,100,16.67,RU,1635034715
Port Macquarie,-31.4333,152.9167,83.89,64,10,16.96,AU,1635034973
Nanortalik,60.1432,-45.2371,35.51,75,19,17.27,GL,1635034739
Tombouctou,20.0,-3.0,83.37,22,0,7.36,ML,1635034974
Saint George,37.1041,-113.5841,74.62,26,1,1.01,US,1635034518
San Patricio,28.017,-97.5169,81.01,66,6,10.6,US,1635034974
Emerald,-23.5333,148.1667,92.98,15,46,9.06,AU,1635034823
Kitui,-1.367,38.0106,63.46,84,13,2.73,KE,1635034974
Kaitangata,-46.2817,169.8464,53.76,81,100,3.27,NZ,1635034766
Havre-St-Pierre,50.2334,-63.5986,46.99,93,90,6.91,CA,1635034675
Bambous Virieux,-20.3428,57.7575,74.21,83,75,10.36,MU,1635034780
Charlestown,-32.95,151.6667,72.68,72,93,5.01,AU,1635034813
Bourail,-21.5667,165.4833,78.01,57,44,9.84,NC,1635034858
Ibrā’,22.6906,58.5334,73.04,71,1,3.04,OM,1635034975
Prince Rupert,54.3161,-130.3201,47.89,76,91,21.85,CA,1635034976
Sioux Lookout,50.1001,-91.917,37.78,87,75,6.91,CA,1635034976
Mezhdurechensk,53.6942,88.0603,37.51,90,100,12.68,RU,1635034977
Grindavik,63.8424,-22.4338,46.87,93,90,8.05,IS,1635034743
Lompoc,34.6391,-120.4579,72.09,77,1,14.97,US,1635034755
Arinos,-15.9169,-46.1056,79.45,57,88,1.99,BR,1635034977
Mendi,-6.1761,143.6513,71.55,51,24,2.98,PG,1635034978
Bose,45.4612,8.0137,51.24,83,0,4.18,IT,1635034978
Puerto del Rosario,28.5004,-13.8627,71.35,60,81,10.36,ES,1635034978
Caxito,-8.5785,13.6643,75.85,83,88,2.62,AO,1635034979
Fare,-16.7,-151.0167,77.58,82,100,13.85,PF,1635034979
Kununurra,-15.7667,128.7333,87.78,62,75,6.91,AU,1635034980
Panacan,9.2463,118.4082,78.87,78,100,3.04,PH,1635034980
Bengkulu,-3.8004,102.2655,77.23,86,90,2.55,ID,1635034647
Pontal do Paraná,-25.6533,-48.5128,75.72,95,100,2.89,BR,1635034981
Atambua,-9.1061,124.8925,83.26,61,57,2.95,ID,1635034882
Pisco,-13.7,-76.2167,63.01,82,0,18.41,PE,1635034750
Aksarka,66.5606,67.7975,27.72,83,95,16.28,RU,1635034746
Evensk,61.95,159.2333,14.77,69,93,11.25,RU,1635034776
Esperance,-33.8667,121.9,62.42,49,7,18.1,AU,1635034982
Isangel,-19.55,169.2667,80.71,78,75,9.22,VU,1635034747
Goderich,43.7501,-81.7165,45.03,87,95,4.61,CA,1635034956
Sandwick,60.0,-1.25,53.42,87,90,19.57,GB,1635034982
Lensk,60.7253,114.9278,34.74,85,99,10.67,RU,1635034983
Almeirim,-1.5233,-52.5817,81.88,70,84,2.75,BR,1635034983
Vao,-22.6667,167.4833,72.46,73,36,13.24,NC,1635034722
Mto wa Mbu,-3.35,35.85,72.48,62,81,3.27,TZ,1635034984
Kieta,-6.2167,155.6333,84.65,71,49,5.79,PG,1635034984
Ziarat,30.3823,67.7282,40.66,23,0,0.98,PK,1635034985
Mae Chan,20.1467,99.8526,73.06,99,100,1.63,TH,1635034985
Pitsunda,43.1592,40.3378,54.72,56,47,4.43,GE,1635034986
Lehola,59.2925,24.3279,35.8,85,54,8.93,EE,1635034986
Tabou,4.423,-7.3528,77.25,87,78,6.67,CI,1635034987
Angoram,-4.0625,144.0661,86.45,62,87,3.98,PG,1635034987
Mahébourg,-20.4081,57.7,74.25,83,75,10.36,MU,1635034728
Broome,42.2506,-75.833,45.86,85,75,0.0,US,1635034734
Soyo,-6.1349,12.3689,77.79,85,92,8.46,AO,1635034988
Popova,42.9603,131.7228,37.49,51,0,3.69,RU,1635034988
Crib Point,-38.35,145.2,61.36,66,53,19.86,AU,1635034989
Puerto Carreño,6.189,-67.4859,81.28,73,72,7.54,CO,1635034751
Plouzané,48.3833,-4.6167,55.49,76,75,11.5,FR,1635034729
Wewak,-3.5534,143.6268,82.51,78,83,9.06,PG,1635034990
Paamiut,61.994,-49.6678,32.2,50,75,12.15,GL,1635034781
Najrān,17.4924,44.1277,63.25,31,8,1.32,SA,1635034614
Decatur,39.8403,-88.9548,55.87,76,90,6.91,US,1635034990
Rundu,-17.9333,19.7667,79.18,42,94,4.25,NA,1635034991
Harper,4.375,-7.7169,77.14,88,79,7.27,LR,1635034857
Ambilobe,-13.2,49.05,73.38,91,17,2.95,MG,1635034785
Torbay,47.6666,-52.7314,59.68,97,90,11.5,CA,1635034659
Hobyo,5.3505,48.5268,78.89,80,11,7.09,SO,1635034714
Seminole,28.7086,-81.2081,80.69,86,1,4.61,US,1635034992
Beyneu,45.3167,55.2,49.21,29,0,11.16,KZ,1635034992
Cochrane,51.1834,-114.4687,44.87,64,90,8.05,CA,1635034975
Mayo,38.8876,-76.5119,61.21,87,1,3.44,US,1635034993
Qui Nhon,13.7667,109.2333,76.33,94,100,10.51,VN,1635034767
Cockburn Town,21.4612,-71.1419,82.99,72,71,19.62,TC,1635034993
Nikolskoye,59.7035,30.7861,33.87,90,99,9.95,RU,1635034740
Zyryanovsk,49.7386,84.2719,32.58,93,100,2.46,KZ,1635034994
Arman',59.7,150.1667,21.83,59,90,11.61,RU,1635034788
Bonfim,3.0833,-59.95,84.42,59,97,6.42,BR,1635034785
Mergen,49.1833,125.2167,41.16,63,0,4.09,CN,1635034994
Rāmhormoz,31.28,49.6035,73.15,18,1,3.04,IR,1635034994
Curuguaty,-24.4694,-55.6945,68.43,99,92,1.23,PY,1635034995
Trincomalee,8.5711,81.2335,77.76,88,78,10.83,LK,1635034995
Abilene,32.4487,-99.7331,82.89,48,1,10.36,US,1635034849
Erenhot,43.6475,111.9767,41.45,43,0,6.38,CN,1635034995
Kiama,-34.6833,150.8667,73.0,65,85,8.7,AU,1635034996
Usinsk,65.9939,57.5281,19.63,92,27,11.54,RU,1635034757
Ponferrada,42.5466,-6.5962,54.97,87,76,1.74,ES,1635034833
Tiarei,-17.5333,-149.3333,82.42,86,100,16.93,PF,1635034996
Ostrovnoy,68.0531,39.5131,26.67,92,100,17.11,RU,1635034997
Keffi,8.8486,7.8736,71.31,92,30,1.52,NG,1635034997
Iskateley,67.6803,53.1512,25.48,90,37,7.49,RU,1635034821
Kalmunai,7.4167,81.8167,76.91,85,79,3.49,LK,1635034960
Mount Isa,-20.7333,139.5,91.17,31,1,6.91,AU,1635034755
Kefamenanu,-9.4467,124.4781,83.75,56,71,2.46,ID,1635034998
Nhulunbuy,-12.2333,136.7667,90.21,51,22,10.36,AU,1635034730
San Angelo,31.4638,-100.437,81.54,50,1,8.01,US,1635034998
Dingle,10.9995,122.6711,80.02,85,97,2.55,PH,1635034828
Tottenham,-32.2333,147.35,64.9,34,0,15.5,AU,1635034998
Saint Anthony,45.0205,-93.218,47.35,64,1,3.44,US,1635034750
Narganá,9.4428,-78.5906,80.71,81,39,3.38,PA,1635034999
Agüimes,27.9054,-15.4461,68.67,62,75,10.36,ES,1635035000
Sisimiut,66.9395,-53.6735,24.12,94,100,5.68,GL,1635035000
Nagato,34.3833,131.2,64.31,54,96,6.26,JP,1635035001
Northam,51.0333,-4.2167,56.01,76,100,20.92,GB,1635034830
Cham,47.1821,8.4636,42.08,85,5,0.0,CH,1635035001
Giyani,-23.3025,30.7187,84.27,30,34,2.55,ZA,1635035002
Krian,-7.4104,112.5792,82.22,68,91,3.15,ID,1635035002
Broken Hill,-31.95,141.4333,60.33,44,0,13.38,AU,1635035002
Xingyi,24.1877,102.817,53.04,97,100,2.24,CN,1635035003
Okhotsk,59.3833,143.3,18.91,68,1,18.23,RU,1635034853
Havelock,34.8791,-76.9013,69.75,89,0,4.43,US,1635035003
Naze,28.3667,129.4833,65.32,64,99,21.21,JP,1635034742
Mombaça,-5.7431,-39.6275,80.69,61,51,1.88,BR,1635035004
Pestretsy,55.7531,49.6545,41.14,78,86,7.18,RU,1635035004
Pochutla,15.7432,-96.4661,80.42,85,70,5.46,MX,1635034738
Rocha,-34.4833,-54.3333,55.51,96,76,9.66,UY,1635034854
Soure,-0.7167,-48.5233,80.91,81,100,9.26,BR,1635035005
Bucerías,20.75,-105.3333,85.98,79,75,8.05,MX,1635034483
Kumluca,36.3703,30.2869,67.17,51,2,3.67,TR,1635035005
Sosnogorsk,63.6023,53.8817,25.14,94,57,3.44,RU,1635035006
Santa María del Oro,25.9333,-105.3667,72.68,30,0,4.72,MX,1635035006
Poum,-20.2333,164.0167,74.19,78,5,7.83,NC,1635034996
Tulun,54.5611,100.5792,29.97,95,34,4.47,RU,1635035007
Pangnirtung,66.1451,-65.7125,24.12,88,98,5.57,CA,1635034968
Dunmore Town,25.5,-76.65,80.22,77,68,8.99,BS,1635035007
Hearst,49.6835,-83.6665,34.05,98,100,6.55,CA,1635034993
Peniche,39.3558,-9.3811,65.62,90,15,8.5,PT,1635034987
Lorengau,-2.0226,147.2712,84.6,71,75,10.74,PG,1635034668
Zhoucheng,35.9122,116.3117,52.97,64,100,4.41,CN,1635035008
Biaora,23.8667,76.9167,65.35,70,0,4.7,IN,1635035008
Ilulissat,69.2167,-51.1,21.22,79,75,16.11,GL,1635034759
Yerbogachën,61.2767,108.0108,29.86,83,61,10.8,RU,1635035009
Minggang,32.4586,114.0486,54.7,62,24,3.11,CN,1635035009
Arrondissement de Vire,48.9167,-0.8333,38.59,86,1,6.38,FR,1635035009
Chernyshevskiy,63.0128,112.4714,27.19,86,40,10.04,RU,1635034730
Umluj,25.0213,37.2685,77.18,62,0,10.98,SA,1635035010
Abhā,18.2164,42.5053,57.02,33,0,0.0,SA,1635035010
Kudahuvadhoo,2.6708,72.8944,82.4,73,96,14.43,MV,1635035010
São Filipe,14.8961,-24.4956,79.63,68,13,8.12,CV,1635034679
Kloulklubed,7.0419,134.2556,84.7,71,37,2.59,PW,1635034721
Camacha,33.0833,-16.3333,65.62,60,75,9.22,PT,1635034803
Carauari,-4.8828,-66.8958,80.94,78,99,2.15,BR,1635035011
Batagay,67.6333,134.6333,4.89,89,100,4.52,RU,1635035011
Beloha,-25.1667,45.05,68.77,80,0,4.32,MG,1635034734
Bandarbeyla,9.4942,50.8122,77.16,80,15,5.97,SO,1635035012
São João da Barra,-21.6403,-41.0511,72.88,85,5,20.07,BR,1635035013
Sistranda,63.7256,8.834,42.91,69,100,16.49,NO,1635035013
Alyangula,-13.8483,136.4192,86.7,63,36,13.15,AU,1635035013
Ýpsonas,34.6884,32.9574,63.36,67,0,4.61,CY,1635035014
Petropavlovsk-Kamchatskiy,53.0452,158.6483,37.99,75,75,4.47,RU,1635034800
Guerrero Negro,27.9769,-114.0611,68.94,70,1,18.03,MX,1635034634
Nuuk,64.1835,-51.7216,29.01,37,75,14.97,GL,1635034968
Marsá Maţrūḩ,31.3525,27.2453,68.61,72,0,6.58,EG,1635034759
Babu,24.4167,111.5167,58.08,76,8,4.34,CN,1635035014
Ascension,30.2169,-90.9001,79.02,83,1,0.0,US,1635035015
Mocuba,-16.8392,36.9856,72.54,69,5,3.36,MZ,1635034980
Sainte-Suzanne,-20.9061,55.6089,75.38,86,90,12.66,RE,1635035015
Vestmanna,62.1564,-7.1664,47.32,100,90,16.11,FO,1635034853
Faanui,-16.4833,-151.75,79.09,75,100,10.89,PF,1635034776
Namatanai,-3.6667,152.4333,85.69,66,45,6.73,PG,1635034986
Sept-Îles,50.2001,-66.3821,46.92,100,90,4.61,CA,1635034850
Victor Harbor,-35.5667,138.6167,63.72,69,15,1.01,AU,1635034782
Chake Chake,-5.2459,39.7666,73.83,86,33,3.6,TZ,1635035016
Tarazá,7.5836,-75.4007,76.23,96,96,1.61,CO,1635035017
San Quintín,30.4833,-115.95,64.98,70,35,20.94,MX,1635034823
Amapá,1.0,-52.0,78.58,73,100,3.0,BR,1635035017
Kutum,14.2,24.6667,74.82,24,48,14.27,SD,1635034990
Sinnamary,5.3833,-52.95,78.17,87,100,9.89,GF,1635034804
Lianzhou,24.7811,112.3825,58.62,78,36,4.43,CN,1635035018
Druzhba,52.0428,33.9453,40.62,66,79,11.03,UA,1635034986
Portland,45.5234,-122.6762,56.86,94,90,1.01,US,1635034237
Luang Prabang,19.8856,102.1347,71.56,83,75,2.3,LA,1635034967
Chongwe,-15.3292,28.682,73.78,34,50,2.04,ZM,1635035018
Mount Gambier,-37.8333,140.7667,52.88,60,87,10.16,AU,1635034666
Nabire,-3.3667,135.4833,80.51,85,91,0.4,ID,1635035015
Nioro,13.35,-15.75,74.55,88,79,4.47,GM,1635035019
Greytown,-29.0642,30.5928,52.57,87,90,6.24,ZA,1635035019
Contamana,-7.3333,-75.0167,86.72,53,59,5.44,PE,1635035020
Flinders,-34.5833,150.8552,72.81,65,70,7.0,AU,1635034768
Bogovarovo,58.9785,47.0246,38.57,95,100,5.91,RU,1635035020
San Matías,-16.3667,-58.4,92.14,39,32,14.0,BO,1635035021
Nanchong,30.7951,106.0847,59.4,82,92,1.72,CN,1635035021
Iralaya,15.0,-83.2333,78.89,86,98,10.11,HN,1635035021
Gari,59.4307,62.3497,37.02,81,29,11.03,RU,1635035022
Bagn,60.8225,9.5521,40.08,71,100,2.42,NO,1635035022
Iwanai,42.9744,140.5089,56.03,66,56,11.21,JP,1635035022
Opuwo,-18.0607,13.84,64.9,28,9,3.13,NA,1635035023
Iquique,-20.2208,-70.1431,60.84,74,11,6.29,CL,1635034880
Mel'nikovo,56.5558,84.085,44.26,83,100,16.58,RU,1635035023
Garoowe,8.4054,48.4845,73.58,77,15,9.37,SO,1635034732
Istok,42.7808,20.4875,44.17,89,100,3.27,XK,1635034748
Novikovo,51.1537,37.8879,38.61,76,3,7.94,RU,1635035024
Inhambane,-23.865,35.3833,73.98,88,0,16.15,MZ,1635035024
Jumla,29.2747,82.1838,44.98,82,1,4.72,NP,1635034728
Tahe,52.3333,124.7333,37.2,73,5,2.37,CN,1635034865
Gweta,-20.1833,25.2333,82.78,14,62,6.33,BW,1635035025
Kwekwe,-18.9281,29.8149,76.73,50,73,1.14,ZW,1635035025
Limbang,4.75,115.0,79.11,95,100,1.81,MY,1635035026
Sibolga,1.7427,98.7792,76.33,89,100,2.77,ID,1635034848
Borogontsy,62.6683,131.1683,20.34,95,100,6.53,RU,1635035026
Sulangan,11.1373,123.7228,80.83,77,100,7.65,PH,1635035026
Muromtsevo,56.3724,75.2418,45.45,83,44,14.29,RU,1635034880
Comodoro Rivadavia,-45.8667,-67.5,57.06,21,0,26.46,AR,1635035027
Cayenne,4.9333,-52.3333,78.1,89,75,0.0,GF,1635034516
Lugovoy,42.9472,72.7644,40.5,56,1,5.44,KZ,1635035028
Kerva,55.6117,39.5766,37.6,82,19,7.7,RU,1635035028
Chimbote,-9.0853,-78.5783,63.09,85,16,8.28,PE,1635035028
Chara,56.9064,118.2631,32.07,59,96,0.74,RU,1635035019
Sabang,5.8933,95.3214,80.89,76,97,2.39,ID,1635035029
Lebu,-37.6167,-73.65,50.54,91,13,7.58,CL,1635034697
Jiaojiang,28.6803,121.4428,57.36,89,100,7.11,CN,1635035029
Brae,60.3964,-1.353,53.51,88,100,21.65,GB,1635034835
Majene,-3.5403,118.9707,82.18,76,70,3.53,ID,1635034791
Pacific Grove,36.6177,-121.9166,65.98,76,1,3.0,US,1635034922
Plettenberg Bay,-34.0527,23.3716,54.09,80,50,7.09,ZA,1635035030
Korhogo,9.45,-5.6333,73.35,90,98,3.85,CI,1635035030
Pokrovskoye,47.4157,38.8971,52.81,78,100,5.08,RU,1635035030
Gongzhuling,43.5008,124.8198,48.11,65,0,8.14,CN,1635035031
Dayong,25.0209,118.2898,69.89,86,100,4.27,CN,1635035031
La Santisima Trinidad,-14.8333,-64.9,94.08,37,36,8.14,BO,1635034989
Trelew,-43.249,-65.3051,61.2,16,77,29.75,AR,1635035016
Seddon,-37.8068,144.8916,61.21,71,90,10.0,AU,1635035031
Nishihara,26.1842,127.7558,74.48,65,75,11.5,JP,1635034980
Ulladulla,-35.35,150.4667,67.77,67,93,6.62,AU,1635035032
Zyryanka,65.75,150.85,-2.79,84,23,8.12,RU,1635034832
Biltine,14.5333,20.9167,82.26,20,39,11.99,TD,1635035032
Bryan,30.6744,-96.37,78.94,75,75,13.8,US,1635034915
Lohāru,28.45,75.8167,72.18,56,0,5.59,IN,1635035033
Basoko,1.2391,23.616,72.1,95,70,1.81,CD,1635035033
Xiaoweizhai,26.1903,107.5125,52.2,78,100,3.58,CN,1635035034
Khanbari,27.3747,87.2039,63.7,85,75,1.54,NP,1635035034
Makakilo City,21.3469,-158.0858,88.12,48,1,9.22,US,1635035034
Mayor Pablo Lagerenza,-19.9309,-60.7718,94.5,32,29,5.82,PY,1635035035
Banjar,-8.19,114.9675,82.26,58,85,1.97,ID,1635034881
Karlskrona,56.1616,15.5866,27.05,73,75,3.4,SE,1635035035
Gizo Government Station,-8.103,156.8419,84.9,69,28,11.25,SB,1635034978
Kang,-23.6752,22.7876,61.83,27,3,13.33,BW,1635034792
Chekhov,55.1431,37.4711,40.95,95,71,10.22,RU,1635035036
Sterlibashevo,53.4376,55.2578,48.02,85,100,9.28,RU,1635035036
Marfino,55.7028,37.3822,40.95,81,75,8.95,RU,1635035036
São Miguel do Araguaia,-13.275,-50.1628,83.03,55,100,4.29,BR,1635035037
Lichuan,30.3,108.85,46.22,79,77,0.72,CN,1635035037
Ribas do Rio Pardo,-20.4431,-53.7592,87.28,41,38,15.57,BR,1635035037
Marzuq,14.4,46.4667,68.02,34,20,2.13,YE,1635034837
Konde,-4.95,39.75,74.88,83,37,3.74,TZ,1635035038
Tuatapere,-46.1333,167.6833,57.22,83,100,1.07,NZ,1635034768
Saquena,-4.6667,-73.5167,78.19,83,55,3.74,PE,1635035038
Malazgirt,39.1427,42.5401,42.76,30,0,1.41,TR,1635035038
Viedma,-40.8135,-62.9967,48.74,22,8,10.65,AR,1635034764
Buraidah,26.326,43.975,72.05,18,0,10.51,SA,1635034790
Cidreira,-30.1811,-50.2056,64.83,91,100,8.7,BR,1635034728
Saint-Paul,-21.0096,55.2707,75.29,91,18,1.99,RE,1635035039
Nueva Gerona,21.8833,-82.8,81.64,74,89,6.69,CU,1635035039
Saint-Pierre,-21.3393,55.4781,74.84,81,20,6.91,RE,1635034955
Westport,41.1415,-73.3579,58.82,77,90,1.01,US,1635034813
Neftçala,39.3742,49.2472,60.4,81,81,3.18,AZ,1635035040
Lakselv,70.0513,24.9718,26.42,80,100,5.75,NO,1635035040
Thinadhoo,0.5333,72.9333,82.56,73,95,11.01,MV,1635034828
Darhan,49.4867,105.9228,35.33,53,100,4.65,MN,1635034756
Fukuechō,32.6881,128.8419,64.76,52,75,6.91,JP,1635035041
Nemuro,43.3236,145.575,46.83,67,7,15.46,JP,1635035017
Fenoarivo,-18.933,47.4354,60.87,94,20,5.75,MG,1635035042
Yerofey Pavlovich,53.9667,121.9667,32.94,81,33,1.48,RU,1635035043
Aklavik,68.2191,-135.0107,30.92,94,46,3.11,CA,1635035043
Olafsvik,64.8945,-23.7142,45.57,82,100,11.12,IS,1635034735
Lagoa,39.05,-27.9833,66.56,63,6,12.62,PT,1635034743
Knysna,-34.0363,23.0471,55.78,82,57,5.12,ZA,1635035044
Wencheng,33.0559,113.7978,54.72,61,81,0.31,CN,1635035044
Maumere,-8.6199,122.2111,83.61,67,53,1.19,ID,1635035045
Hirara,24.8,125.2833,77.27,73,75,11.5,JP,1635034806
Christchurch,-43.5333,172.6333,68.47,67,100,4.0,NZ,1635035045
Taltal,-25.4,-70.4833,58.59,80,19,4.94,CL,1635035046
Adeje,28.1227,-16.726,70.93,72,20,12.66,ES,1635035046
Kilindoni,-7.9139,39.6668,77.04,81,8,8.12,TZ,1635035046
Vila Franca do Campo,37.7167,-25.4333,64.81,83,17,5.75,PT,1635034724
Neiafu,-18.65,-173.9833,79.48,61,40,8.05,TO,1635035047
Coyhaique,-45.5752,-72.0662,46.35,53,90,5.75,CL,1635034723
Taoudenni,22.6783,-3.9836,83.03,20,0,8.14,ML,1635034753
Bonthe,7.5264,-12.505,77.4,88,96,1.77,SL,1635034958
Maceió,-9.6658,-35.7353,80.04,89,20,8.05,BR,1635035048
Batemans Bay,-35.7167,150.1833,69.1,65,89,2.33,AU,1635035048
The Pas,53.8251,-101.2541,39.22,75,90,8.05,CA,1635035049
Tadine,-21.55,167.8833,76.23,73,19,14.38,NC,1635034717
La Paz,-16.5,-68.15,58.98,10,20,14.97,BO,1635034841
La Ronge,55.1001,-105.2842,37.62,75,75,18.41,CA,1635034666
Khorixas,-20.3667,14.9667,57.25,49,0,2.24,NA,1635035049
Omaha,41.2586,-95.9378,57.78,53,90,1.01,US,1635034888
Ise,34.4833,136.7,58.32,56,14,9.75,JP,1635035050
Banisilan,7.4908,124.7242,76.01,82,96,2.04,PH,1635035050
Leshan,29.5623,103.7639,58.03,87,100,1.32,CN,1635035050
Zonguldak,41.25,31.8333,49.23,75,86,4.21,TR,1635034837
Scarborough,54.2797,-0.4044,52.54,74,100,4.0,GB,1635034742
Lere,10.387,8.5726,68.81,90,21,3.36,NG,1635034757
Le Port,-20.9373,55.2919,75.16,91,20,12.66,RE,1635035051
Aksha,50.2814,113.2867,33.96,56,30,3.13,RU,1635035052
Cap-Chat,49.1001,-66.6821,46.4,76,100,6.91,CA,1635035052
Belyy Yar,53.6039,91.3903,44.49,65,0,15.66,RU,1635035052
Ola,59.5833,151.2833,25.66,61,100,11.16,RU,1635035053
Kahului,20.8947,-156.47,84.22,67,40,23.02,US,1635034461
Nanning,22.8167,108.3167,63.05,74,75,4.36,CN,1635035053
Kysyl-Syr,63.8986,122.7617,32.47,97,100,8.1,RU,1635035054
Lodja,-3.4833,23.4333,69.08,97,68,1.74,CD,1635035035
Lusambo,-4.9667,23.45,71.51,83,73,2.19,CD,1635035054
Øksfjord,70.2396,22.3479,31.12,92,100,6.24,NO,1635035054
São José da Coroa Grande,-8.8978,-35.1478,78.64,83,43,10.89,BR,1635034843
Saint-Joseph,-21.3667,55.6167,73.76,82,28,5.55,RE,1635034749
Stantsionno-Oyashinskiy,55.4664,83.8245,45.63,78,100,20.56,RU,1635035055
Gilbués,-9.8317,-45.3439,73.35,87,67,3.58,BR,1635034859
Savannah Bight,16.45,-85.85,82.99,79,50,20.62,HN,1635035055
Galle,6.0367,80.217,80.82,75,53,11.68,LK,1635035056
Sabinas,27.85,-101.1167,82.78,49,0,10.96,MX,1635035056
Oranjestad,12.524,-70.027,84.15,74,20,18.41,AW,1635034963
Lavrentiya,65.5833,-171.0,24.76,84,100,9.82,RU,1635034743
Port Hardy,50.6996,-127.4199,51.8,81,75,5.75,CA,1635035057
Rawson,-43.3002,-65.1023,59.61,24,66,24.45,AR,1635034719
Kemijärvi,66.7131,27.4306,16.81,95,46,3.96,FI,1635035057
Ankazoabo,-22.2833,44.5167,64.08,72,0,2.01,MG,1635035057
Sur,22.5667,59.5289,79.84,65,0,9.75,OM,1635034842
Tlacojalpan,18.2333,-95.95,77.94,84,89,2.13,MX,1635035058
Conde,-7.2597,-34.9075,78.26,89,20,8.05,BR,1635035058
Arrondissement d'Arcachon,44.5875,-1.0519,41.32,87,0,0.0,FR,1635035058
Sergeevka,53.88,67.4158,45.95,86,66,13.73,KZ,1635035059
Tarakan,3.3,117.6333,81.9,89,20,0.0,ID,1635035059
Robertsport,6.7533,-11.3686,78.96,83,100,4.83,LR,1635035059
Kushmurun,52.4503,64.6311,49.3,80,99,12.75,KZ,1635035060
Ahipara,-35.1667,173.1667,63.73,87,77,7.96,NZ,1635035042
Halifax,44.6453,-63.5724,62.49,97,100,1.01,CA,1635034832
Nara,34.6851,135.8049,59.97,52,14,2.55,JP,1635034834
Puerto Madero,14.7208,-92.4215,80.8,100,1,5.75,MX,1635035060
Shimoda,34.6667,138.95,62.96,60,69,10.56,JP,1635035061
Nguru,12.8791,10.4526,83.61,39,98,1.3,NG,1635035061
Sobolevo,54.4299,31.8996,39.04,82,99,14.03,RU,1635035061
Zhigansk,66.7697,123.3711,24.03,96,100,6.4,RU,1635035038
Asău,46.4333,26.4,46.4,62,94,2.17,RO,1635034828
Amherst,41.3978,-82.2224,52.05,85,90,0.0,US,1635035062
Khāsh,28.2211,61.2158,51.53,14,0,1.21,IR,1635035062
Aracati,-4.5617,-37.7697,80.55,74,7,11.74,BR,1635034998
Prome,18.8167,95.2167,73.4,97,91,1.92,MM,1635035063
Nouakchott,18.0858,-15.9785,79.0,54,0,15.35,MR,1635034970
Chemal,51.4111,86.005,36.73,75,100,8.03,RU,1635035063
Wucheng,29.6008,118.175,55.69,97,100,2.19,CN,1635035064
Iqaluit,63.7506,-68.5145,31.73,80,90,11.99,CA,1635034792
Dongsheng,39.8161,109.9776,41.58,76,51,4.38,CN,1635035022
Leningradskiy,69.3833,178.4167,10.8,93,100,9.24,RU,1635034818
Tutóia,-2.7619,-42.2744,80.4,84,100,9.17,BR,1635035064
Arrondissement de Saint-Jean-de-Maurienne,45.1667,6.5833,30.38,71,0,6.98,FR,1635035065
Sisak,45.4661,16.3783,44.19,92,53,3.62,HR,1635035065
Ngunguru,-35.6167,174.5,64.17,97,100,21.25,NZ,1635035065
Vanimo,-2.6741,141.3028,84.61,66,53,7.23,PG,1635034864
Mahanoro,-19.9,48.8,73.89,95,18,8.72,MG,1635035066
Aswān,24.0934,32.907,72.03,41,0,9.53,EG,1635035066
Khovu-Aksy,51.1333,93.6,27.16,81,72,2.95,RU,1635035066
Marystown,47.1666,-55.1483,57.85,100,100,9.35,CA,1635035067
Sabzawār,36.2126,57.6819,52.86,21,0,4.38,IR,1635034838
Tambura,5.6,27.4667,70.5,88,100,1.63,SS,1635035067
Polunochnoye,60.8697,60.4153,36.37,86,89,8.12,RU,1635034879
Pontianak,-0.0333,109.3333,76.98,88,20,3.44,ID,1635034794
Dunedin,-45.8742,170.5036,58.8,74,100,8.99,NZ,1635034819
Mongoumba,3.6415,18.5936,70.57,98,95,2.91,CF,1635035068
Baykit,61.67,96.37,34.2,95,100,9.84,RU,1635035069
Shingū,33.7333,135.9833,63.59,46,22,3.58,JP,1635034838
Roald,62.5833,6.1333,50.14,66,20,8.05,NO,1635034751
Teya,60.3778,92.6267,34.93,96,100,13.91,RU,1635035069
Petrovsk,52.3064,45.3917,43.14,84,50,8.3,RU,1635035070
Rauma,61.1272,21.5113,30.24,70,62,4.05,FI,1635035070
Florianópolis,-27.6146,-48.5012,67.37,90,90,7.0,BR,1635035070
Ust-Nera,64.5667,143.2,3.25,97,72,5.01,RU,1635034992
Laguna,38.421,-121.4238,65.25,70,90,1.01,US,1635034985
Port Hueneme,34.1478,-119.1951,71.78,70,1,12.66,US,1635035071
Morristown,36.214,-83.2949,59.76,72,90,0.0,US,1635035058
Santa Barbara,34.7333,-120.0343,65.3,55,1,14.97,US,1635035071
Mongo,12.1844,18.693,83.17,39,16,2.64,TD,1635035072
North Platte,41.1239,-100.7654,51.69,76,90,12.66,US,1635034653
Bereznehuvate,47.3078,32.8499,45.79,49,40,6.89,UA,1635035072
Ucluelet,48.9329,-125.5528,54.09,81,53,3.06,CA,1635035012
Grand-Santi,4.25,-54.3833,75.33,96,100,2.93,GF,1635035073
Nouadhibou,20.931,-17.0347,68.2,81,0,18.66,MR,1635034964
Vieques,18.425,-65.8329,82.44,74,20,9.22,PR,1635035073
Boralday,43.3578,76.8594,30.06,93,2,4.47,KZ,1635035073
Alzamay,55.5562,98.6644,36.0,75,81,4.56,RU,1635035074
Correia Pinto,-27.5847,-50.3611,57.92,99,100,2.42,BR,1635035074
Spremberg,51.5697,14.3736,38.39,93,19,3.65,DE,1635035075
Martapura,-3.4167,114.85,82.49,83,93,3.44,ID,1635035075
Ati,13.2154,18.3353,86.88,21,24,10.04,TD,1635035075
Poltava,49.5937,34.5407,38.53,67,6,4.99,UA,1635035075
Hamilton,39.1834,-84.5333,56.66,83,90,3.44,US,1635035076
Ballina,-28.8667,153.5667,84.38,46,47,12.03,AU,1635035067
Kindu,-2.95,25.95,71.74,90,86,0.67,CD,1635035076
Baruun-Urt,46.6806,113.2792,34.05,41,19,7.54,MN,1635034755
Kurchum,48.5722,83.6542,37.53,48,100,4.0,KZ,1635035077
Senador José Porfírio,-2.5908,-51.9542,77.65,84,81,3.38,BR,1635035077
Vostok,46.4856,135.8833,40.21,58,7,5.73,RU,1635034729
Fairview,40.8126,-73.999,58.26,71,90,4.61,US,1635035078
Taree,-31.9,152.4667,73.33,64,75,12.66,AU,1635035046
Cabedelo,-6.9811,-34.8339,79.47,80,69,13.38,BR,1635035078
Samaná,19.2056,-69.3369,78.37,82,28,7.25,DO,1635035079
Abu Dhabi,24.4667,54.3667,84.22,65,20,3.44,AE,1635034508
Wagga Wagga,-35.1167,147.3667,64.6,63,40,9.22,AU,1635035079
Barra do Garças,-15.89,-52.2567,81.41,57,100,5.21,BR,1635034878
Ryomgård,56.3843,10.503,46.62,88,90,5.99,DK,1635035079
